11.0 14.5 15.333333333333334 8.0 8.333333333333334 11.0 10.0 9.0 18.571428571428573 
13.8 30.0 32.333333333333336 10.0 35.5 13.0 12.0 11.0 36.642857142857146 
7.6 9.5 8.166666666666666 11.0 6.0 7.0 8.0 5.0 7.642857142857143 
7.6 11.0 8.333333333333334 10.0 6.0 8.0 8.0 6.0 7.714285714285714 
14.4 29.0 16.0 17.0 17.333333333333332 8.0 11.0 10.0 19.0 
11.0 7.0 17.0 11.0 8.0 8.0 11.0 9.0 8.571428571428571 
48.271875 57.289713541666664 46.333333333333336 78.78016493055556 27.0 34.90625 29.0 22.0 48.95982142857143 
NaN NaN NaN NaN NaN NaN NaN NaN NaN 
NaN NaN NaN NaN NaN NaN NaN NaN NaN 
NaN NaN NaN NaN NaN NaN NaN NaN NaN 
12.0 15.0 11.0 17.0 9.0 8.0 11.0 10.0 10.0 
