0.33333333333333254 0.25 0.125 1.0 0.11111111111111119 1.0 1.0 1.0 0.05952380952380944 
0.33333333333333254 0.75 0.375 1.0 0.6666666666666655 1.0 1.0 1.0 0.15476190476190485 
0.33333333333333254 0.25 0.041666666666666664 1.0 0.11111111111111119 1.0 1.0 1.0 0.011904761904761906 
0.33333333333333254 0.25 0.041666666666666664 1.0 0.11111111111111119 1.0 1.0 1.0 0.011904761904761906 
0.33333333333333254 1.0 0.25 1.0 0.33333333333333426 1.0 1.0 1.0 0.14285714285714324 
0.40000000000001135 0.0 0.0 0.0 0.0 0.0 1.0 1.0 0.0 
0.3333333333333348 0.0 0.0 0.6219075520833334 0.0 0.0 1.0 1.0 0.0074404761904761875 
NaN NaN NaN NaN NaN NaN NaN NaN NaN 
NaN NaN NaN NaN NaN NaN NaN NaN NaN 
NaN NaN NaN NaN NaN NaN NaN NaN NaN 
0.33333333333333254 1.0 0.25 1.0 0.6666666666666666 1.0 1.0 1.0 0.14285714285714324 
