0.7 0.5 0.3333333333333333 1.0 0.3333333333333333 1.0 1.0 1.0 0.14285714285714285 
0.7 1.0 0.5777777777777776 1.0 1.0 1.0 1.0 1.0 0.27040816326530653 
0.7 0.5 0.16666666666666666 1.0 0.3333333333333333 1.0 1.0 1.0 0.07142857142857142 
0.7 0.5 0.16666666666666666 1.0 0.3333333333333333 1.0 1.0 1.0 0.07142857142857142 
0.8 1.0 0.6666666666666666 1.0 0.38888888888888906 1.0 1.0 1.0 0.42857142857142855 
1.0 0.0 0.0 0.0 0.0 0.0 1.0 1.0 0.0 
0.28413194444445916 0.0 0.0 0.6166449652777778 0.0 0.0 1.0 1.0 0.026785714285714284 
1.0 - 0.5 - 0.3333333333333333 1.0 1.0 1.0 0.42857142857142855 
1.0 - 1.0 - 1.0 1.0 1.0 1.0 1.0 
1.0 - 1.0 - 1.0 1.0 1.0 1.0 1.0 
0.0 0.6666666666666515 0.21666666666666634 1.0 0.6666666666666666 1.0 1.0 1.0 0.42857142857142855 
